Ux
0.288413473076132460000000000000 
0.288413473076132460000000000000 
0.686910068711576890000000000000 
0.936717594622011210000000000000 
1.075622266738762700000000000000 
1.140951401932423200000000000000 
1.166390566853582800000000000000 
1.174499818255596100000000000000 
1.176565703668641900000000000000 
1.176948435240930500000000000000 
1.176979959462235200000000000000 
1.176979957435345200000000000000 
1.176948432538410500000000000000 
1.176565695561081700000000000000 
1.174499810148035500000000000000 
1.166390554692242600000000000000 
1.140951387068562400000000000000 
1.075622231606001600000000000000 
0.936717552462697610000000000000 
0.686910025606380370000000000000 
0.288413436997489780000000000000 
